1 0.776614 0.471862 0.259613 0.0979742
0 0.327148 0.336414 0.0572237 0.0202135
0 0.37122 0.187806 0.0562781 0.0185003
0 0.164092 0.24311 0.0293881 0.02498
0 0.482708 0.596012 0.0302403 0.0277319
0 0.266279 0.369501 0.0299879 0.0160952
0 0.189725 0.544205 0.0240969 0.0256984
0 0.142175 0.556859 0.0302606 0.0336084
1 0.611514 0.401133 0.178258 0.0692926
0 0.119432 0.2303 0.083732 0.020312
0 0.169588 0.262993 0.048933 0.0148907
0 0.456697 0.45824 0.035442 0.0155259
0 0.294366 0.164677 0.0450409 0.013993
0 0.331453 0.192718 0.0122864 0.0480659
0 0.159224 0.105816 0.0374819 0.0248712
0 0.148089 0.392177 0.0145343 0.0479578
0 0.472678 0.536077 0.0607113 0.0195877
1 0.776614 0.471862 0.259613 0.0979742
0 0.327148 0.336414 0.0572237 0.0202135
0 0.37122 0.187806 0.0562781 0.0185003
0 0.164092 0.24311 0.0293881 0.02498
0 0.482708 0.596012 0.0302403 0.0277319
0 0.266279 0.369501 0.0299879 0.0160952
0 0.189725 0.544205 0.0240969 0.0256984
0 0.142175 0.556859 0.0302606 0.0336084
1 0.611514 0.401133 0.178258 0.0692926
0 0.119432 0.2303 0.083732 0.020312
0 0.169588 0.262993 0.048933 0.0148907
0 0.456697 0.45824 0.035442 0.0155259
0 0.294366 0.164677 0.0450409 0.013993
0 0.331453 0.192718 0.0122864 0.0480659
0 0.159224 0.105816 0.0374819 0.0248712
0 0.148089 0.392177 0.0145343 0.0479578
0 0.472678 0.536077 0.0607113 0.0195877
1 0.776614 0.471862 0.259613 0.0979742
0 0.327148 0.336414 0.0572237 0.0202135
0 0.37122 0.187806 0.0562781 0.0185003
0 0.164092 0.24311 0.0293881 0.02498
0 0.482708 0.596012 0.0302403 0.0277319
0 0.266279 0.369501 0.0299879 0.0160952
0 0.189725 0.544205 0.0240969 0.0256984
0 0.142175 0.556859 0.0302606 0.0336084
1 0.776614 0.471862 0.259613 0.0979742
0 0.327148 0.336414 0.0572237 0.0202135
0 0.37122 0.187806 0.0562781 0.0185003
0 0.164092 0.24311 0.0293881 0.02498
0 0.482708 0.596012 0.0302403 0.0277319
0 0.266279 0.369501 0.0299879 0.0160952
0 0.189725 0.544205 0.0240969 0.0256984
0 0.142175 0.556859 0.0302606 0.0336084
1 0.611514 0.401133 0.178258 0.0692926
0 0.119432 0.2303 0.083732 0.020312
0 0.169588 0.262993 0.048933 0.0148907
0 0.456697 0.45824 0.035442 0.0155259
0 0.294366 0.164677 0.0450409 0.013993
0 0.331453 0.192718 0.0122864 0.0480659
0 0.159224 0.105816 0.0374819 0.0248712
0 0.148089 0.392177 0.0145343 0.0479578
0 0.472678 0.536077 0.0607113 0.0195877
1 0.776614 0.471862 0.259613 0.0979742
0 0.327148 0.336414 0.0572237 0.0202135
0 0.37122 0.187806 0.0562781 0.0185003
0 0.164092 0.24311 0.0293881 0.02498
0 0.482708 0.596012 0.0302403 0.0277319
0 0.266279 0.369501 0.0299879 0.0160952
0 0.189725 0.544205 0.0240969 0.0256984
0 0.142175 0.556859 0.0302606 0.0336084
1 0.776614 0.471862 0.259613 0.0979742
0 0.327148 0.336414 0.0572237 0.0202135
0 0.37122 0.187806 0.0562781 0.0185003
0 0.164092 0.24311 0.0293881 0.02498
0 0.482708 0.596012 0.0302403 0.0277319
0 0.266279 0.369501 0.0299879 0.0160952
0 0.189725 0.544205 0.0240969 0.0256984
0 0.142175 0.556859 0.0302606 0.0336084
1 0.611514 0.401133 0.178258 0.0692926
0 0.119432 0.2303 0.083732 0.020312
0 0.169588 0.262993 0.048933 0.0148907
0 0.456697 0.45824 0.035442 0.0155259
0 0.294366 0.164677 0.0450409 0.013993
0 0.331453 0.192718 0.0122864 0.0480659
0 0.159224 0.105816 0.0374819 0.0248712
0 0.148089 0.392177 0.0145343 0.0479578
0 0.472678 0.536077 0.0607113 0.0195877
1 0.776614 0.471862 0.259613 0.0979742
0 0.327148 0.336414 0.0572237 0.0202135
0 0.37122 0.187806 0.0562781 0.0185003
0 0.164092 0.24311 0.0293881 0.02498
0 0.482708 0.596012 0.0302403 0.0277319
0 0.266279 0.369501 0.0299879 0.0160952
0 0.189725 0.544205 0.0240969 0.0256984
0 0.142175 0.556859 0.0302606 0.0336084
1 0.776614 0.471862 0.259613 0.0979742
0 0.327148 0.336414 0.0572237 0.0202135
0 0.37122 0.187806 0.0562781 0.0185003
0 0.164092 0.24311 0.0293881 0.02498
0 0.482708 0.596012 0.0302403 0.0277319
0 0.266279 0.369501 0.0299879 0.0160952
0 0.189725 0.544205 0.0240969 0.0256984
0 0.142175 0.556859 0.0302606 0.0336084
1 0.776614 0.471862 0.259613 0.0979742
0 0.327148 0.336414 0.0572237 0.0202135
0 0.37122 0.187806 0.0562781 0.0185003
0 0.164092 0.24311 0.0293881 0.02498
0 0.482708 0.596012 0.0302403 0.0277319
0 0.266279 0.369501 0.0299879 0.0160952
0 0.189725 0.544205 0.0240969 0.0256984
0 0.142175 0.556859 0.0302606 0.0336084
1 0.611514 0.401133 0.178258 0.0692926
0 0.119432 0.2303 0.083732 0.020312
0 0.169588 0.262993 0.048933 0.0148907
0 0.456697 0.45824 0.035442 0.0155259
0 0.294366 0.164677 0.0450409 0.013993
0 0.331453 0.192718 0.0122864 0.0480659
0 0.159224 0.105816 0.0374819 0.0248712
0 0.148089 0.392177 0.0145343 0.0479578
0 0.472678 0.536077 0.0607113 0.0195877
1 0.776614 0.471862 0.259613 0.0979742
0 0.327148 0.336414 0.0572237 0.0202135
0 0.37122 0.187806 0.0562781 0.0185003
0 0.164092 0.24311 0.0293881 0.02498
0 0.482708 0.596012 0.0302403 0.0277319
0 0.266279 0.369501 0.0299879 0.0160952
0 0.189725 0.544205 0.0240969 0.0256984
0 0.142175 0.556859 0.0302606 0.0336084
1 0.776614 0.471862 0.259613 0.0979742
0 0.327148 0.336414 0.0572237 0.0202135
0 0.37122 0.187806 0.0562781 0.0185003
0 0.164092 0.24311 0.0293881 0.02498
0 0.482708 0.596012 0.0302403 0.0277319
0 0.266279 0.369501 0.0299879 0.0160952
0 0.189725 0.544205 0.0240969 0.0256984
0 0.142175 0.556859 0.0302606 0.0336084
1 0.776614 0.471862 0.259613 0.0979742
0 0.327148 0.336414 0.0572237 0.0202135
0 0.37122 0.187806 0.0562781 0.0185003
0 0.164092 0.24311 0.0293881 0.02498
0 0.482708 0.596012 0.0302403 0.0277319
0 0.266279 0.369501 0.0299879 0.0160952
0 0.189725 0.544205 0.0240969 0.0256984
0 0.142175 0.556859 0.0302606 0.0336084
1 0.611514 0.401133 0.178258 0.0692926
0 0.119432 0.2303 0.083732 0.020312
0 0.169588 0.262993 0.048933 0.0148907
0 0.456697 0.45824 0.035442 0.0155259
0 0.294366 0.164677 0.0450409 0.013993
0 0.331453 0.192718 0.0122864 0.0480659
0 0.159224 0.105816 0.0374819 0.0248712
0 0.148089 0.392177 0.0145343 0.0479578
0 0.472678 0.536077 0.0607113 0.0195877
1 0.776614 0.471862 0.259613 0.0979742
0 0.327148 0.336414 0.0572237 0.0202135
0 0.37122 0.187806 0.0562781 0.0185003
0 0.164092 0.24311 0.0293881 0.02498
0 0.482708 0.596012 0.0302403 0.0277319
0 0.266279 0.369501 0.0299879 0.0160952
0 0.189725 0.544205 0.0240969 0.0256984
0 0.142175 0.556859 0.0302606 0.0336084
1 0.611514 0.401133 0.178258 0.0692926
0 0.119432 0.2303 0.083732 0.020312
0 0.169588 0.262993 0.048933 0.0148907
0 0.456697 0.45824 0.035442 0.0155259
0 0.294366 0.164677 0.0450409 0.013993
0 0.331453 0.192718 0.0122864 0.0480659
0 0.159224 0.105816 0.0374819 0.0248712
0 0.148089 0.392177 0.0145343 0.0479578
0 0.472678 0.536077 0.0607113 0.0195877
1 0.776614 0.471862 0.259613 0.0979742
0 0.327148 0.336414 0.0572237 0.0202135
0 0.37122 0.187806 0.0562781 0.0185003
0 0.164092 0.24311 0.0293881 0.02498
0 0.482708 0.596012 0.0302403 0.0277319
0 0.266279 0.369501 0.0299879 0.0160952
0 0.189725 0.544205 0.0240969 0.0256984
0 0.142175 0.556859 0.0302606 0.0336084
1 0.611514 0.401133 0.178258 0.0692926
0 0.119432 0.2303 0.083732 0.020312
0 0.169588 0.262993 0.048933 0.0148907
0 0.456697 0.45824 0.035442 0.0155259
0 0.294366 0.164677 0.0450409 0.013993
0 0.331453 0.192718 0.0122864 0.0480659
0 0.159224 0.105816 0.0374819 0.0248712
0 0.148089 0.392177 0.0145343 0.0479578
0 0.472678 0.536077 0.0607113 0.0195877
