1 0.776614 0.471862 0.259613 0.0979742
0 0.327148 0.336414 0.0572237 0.0202135
0 0.37122 0.187806 0.0562781 0.0185003
0 0.164092 0.24311 0.0293881 0.02498
0 0.482708 0.596012 0.0302403 0.0277319
0 0.266279 0.369501 0.0299879 0.0160952
0 0.189725 0.544205 0.0240969 0.0256984
0 0.142175 0.556859 0.0302606 0.0336084
1 0.776614 0.471862 0.259613 0.0979742
0 0.327148 0.336414 0.0572237 0.0202135
0 0.37122 0.187806 0.0562781 0.0185003
0 0.164092 0.24311 0.0293881 0.02498
0 0.482708 0.596012 0.0302403 0.0277319
0 0.266279 0.369501 0.0299879 0.0160952
0 0.189725 0.544205 0.0240969 0.0256984
0 0.142175 0.556859 0.0302606 0.0336084
1 0.776614 0.471862 0.259613 0.0979742
0 0.327148 0.336414 0.0572237 0.0202135
0 0.37122 0.187806 0.0562781 0.0185003
0 0.164092 0.24311 0.0293881 0.02498
0 0.482708 0.596012 0.0302403 0.0277319
0 0.266279 0.369501 0.0299879 0.0160952
0 0.189725 0.544205 0.0240969 0.0256984
0 0.142175 0.556859 0.0302606 0.0336084
