1 0.776614 0.471862 0.259613 0.0979742
0 0.327148 0.336414 0.0572237 0.0202135
0 0.37122 0.187806 0.0562781 0.0185003
0 0.164092 0.24311 0.0293881 0.02498
0 0.482708 0.596012 0.0302403 0.0277319
0 0.266279 0.369501 0.0299879 0.0160952
0 0.189725 0.544205 0.0240969 0.0256984
0 0.142175 0.556859 0.0302606 0.0336084
1 0.611514 0.401133 0.178258 0.0692926
0 0.119432 0.2303 0.083732 0.020312
0 0.169588 0.262993 0.048933 0.0148907
0 0.456697 0.45824 0.035442 0.0155259
0 0.294366 0.164677 0.0450409 0.013993
0 0.331453 0.192718 0.0122864 0.0480659
0 0.159224 0.105816 0.0374819 0.0248712
0 0.148089 0.392177 0.0145343 0.0479578
0 0.472678 0.536077 0.0607113 0.0195877
1 0.776614 0.471862 0.259613 0.0979742
0 0.327148 0.336414 0.0572237 0.0202135
0 0.37122 0.187806 0.0562781 0.0185003
0 0.164092 0.24311 0.0293881 0.02498
0 0.482708 0.596012 0.0302403 0.0277319
0 0.266279 0.369501 0.0299879 0.0160952
0 0.189725 0.544205 0.0240969 0.0256984
0 0.142175 0.556859 0.0302606 0.0336084
1 0.611514 0.401133 0.178258 0.0692926
0 0.119432 0.2303 0.083732 0.020312
0 0.169588 0.262993 0.048933 0.0148907
0 0.456697 0.45824 0.035442 0.0155259
0 0.294366 0.164677 0.0450409 0.013993
0 0.331453 0.192718 0.0122864 0.0480659
0 0.159224 0.105816 0.0374819 0.0248712
0 0.148089 0.392177 0.0145343 0.0479578
0 0.472678 0.536077 0.0607113 0.0195877
1 0.776614 0.471862 0.259613 0.0979742
0 0.327148 0.336414 0.0572237 0.0202135
0 0.37122 0.187806 0.0562781 0.0185003
0 0.164092 0.24311 0.0293881 0.02498
0 0.482708 0.596012 0.0302403 0.0277319
0 0.266279 0.369501 0.0299879 0.0160952
0 0.189725 0.544205 0.0240969 0.0256984
0 0.142175 0.556859 0.0302606 0.0336084
1 0.611514 0.401133 0.178258 0.0692926
0 0.119432 0.2303 0.083732 0.020312
0 0.169588 0.262993 0.048933 0.0148907
0 0.456697 0.45824 0.035442 0.0155259
0 0.294366 0.164677 0.0450409 0.013993
0 0.331453 0.192718 0.0122864 0.0480659
0 0.159224 0.105816 0.0374819 0.0248712
0 0.148089 0.392177 0.0145343 0.0479578
0 0.472678 0.536077 0.0607113 0.0195877
1 0.776614 0.471862 0.259613 0.0979742
0 0.327148 0.336414 0.0572237 0.0202135
0 0.37122 0.187806 0.0562781 0.0185003
0 0.164092 0.24311 0.0293881 0.02498
0 0.482708 0.596012 0.0302403 0.0277319
0 0.266279 0.369501 0.0299879 0.0160952
0 0.189725 0.544205 0.0240969 0.0256984
0 0.142175 0.556859 0.0302606 0.0336084
1 0.611514 0.401133 0.178258 0.0692926
0 0.119432 0.2303 0.083732 0.020312
0 0.169588 0.262993 0.048933 0.0148907
0 0.456697 0.45824 0.035442 0.0155259
0 0.294366 0.164677 0.0450409 0.013993
0 0.331453 0.192718 0.0122864 0.0480659
0 0.159224 0.105816 0.0374819 0.0248712
0 0.148089 0.392177 0.0145343 0.0479578
0 0.472678 0.536077 0.0607113 0.0195877
1 0.776614 0.471862 0.259613 0.0979742
0 0.327148 0.336414 0.0572237 0.0202135
0 0.37122 0.187806 0.0562781 0.0185003
0 0.164092 0.24311 0.0293881 0.02498
0 0.482708 0.596012 0.0302403 0.0277319
0 0.266279 0.369501 0.0299879 0.0160952
0 0.189725 0.544205 0.0240969 0.0256984
0 0.142175 0.556859 0.0302606 0.0336084
1 0.611514 0.401133 0.178258 0.0692926
0 0.119432 0.2303 0.083732 0.020312
0 0.169588 0.262993 0.048933 0.0148907
0 0.456697 0.45824 0.035442 0.0155259
0 0.294366 0.164677 0.0450409 0.013993
0 0.331453 0.192718 0.0122864 0.0480659
0 0.159224 0.105816 0.0374819 0.0248712
0 0.148089 0.392177 0.0145343 0.0479578
0 0.472678 0.536077 0.0607113 0.0195877
1 0.776614 0.471862 0.259613 0.0979742
0 0.327148 0.336414 0.0572237 0.0202135
0 0.37122 0.187806 0.0562781 0.0185003
0 0.164092 0.24311 0.0293881 0.02498
0 0.482708 0.596012 0.0302403 0.0277319
0 0.266279 0.369501 0.0299879 0.0160952
0 0.189725 0.544205 0.0240969 0.0256984
0 0.142175 0.556859 0.0302606 0.0336084
1 0.611514 0.401133 0.178258 0.0692926
0 0.119432 0.2303 0.083732 0.020312
0 0.169588 0.262993 0.048933 0.0148907
0 0.456697 0.45824 0.035442 0.0155259
0 0.294366 0.164677 0.0450409 0.013993
0 0.331453 0.192718 0.0122864 0.0480659
0 0.159224 0.105816 0.0374819 0.0248712
0 0.148089 0.392177 0.0145343 0.0479578
0 0.472678 0.536077 0.0607113 0.0195877
1 0.776614 0.471862 0.259613 0.0979742
0 0.327148 0.336414 0.0572237 0.0202135
0 0.37122 0.187806 0.0562781 0.0185003
0 0.164092 0.24311 0.0293881 0.02498
0 0.482708 0.596012 0.0302403 0.0277319
0 0.266279 0.369501 0.0299879 0.0160952
0 0.189725 0.544205 0.0240969 0.0256984
0 0.142175 0.556859 0.0302606 0.0336084
1 0.776614 0.471862 0.259613 0.0979742
0 0.327148 0.336414 0.0572237 0.0202135
0 0.37122 0.187806 0.0562781 0.0185003
0 0.164092 0.24311 0.0293881 0.02498
0 0.482708 0.596012 0.0302403 0.0277319
0 0.266279 0.369501 0.0299879 0.0160952
0 0.189725 0.544205 0.0240969 0.0256984
0 0.142175 0.556859 0.0302606 0.0336084
1 0.611514 0.401133 0.178258 0.0692926
0 0.119432 0.2303 0.083732 0.020312
0 0.169588 0.262993 0.048933 0.0148907
0 0.456697 0.45824 0.035442 0.0155259
0 0.294366 0.164677 0.0450409 0.013993
0 0.331453 0.192718 0.0122864 0.0480659
0 0.159224 0.105816 0.0374819 0.0248712
0 0.148089 0.392177 0.0145343 0.0479578
0 0.472678 0.536077 0.0607113 0.0195877
1 0.770105 0.489024 0.235889 0.0918171
0 0.319124 0.181064 0.0401564 0.0292396
0 0.160459 0.494452 0.0318902 0.0261649
0 0.115806 0.526886 0.0311992 0.0249091
0 0.388719 0.537975 0.0440963 0.0221818
0 0.328146 0.34666 0.0571073 0.0177186
0 0.243063 0.160748 0.0294503 0.0184695
0 0.15287 0.271227 0.0219019 0.0253884
0 0.0854196 0.638676 0.0680758 0.0414212
0 0.244663 0.276404 0.0457348 0.0156075
0 0.245277 0.297576 0.0476181 0.0167422
0 0.239892 0.148956 0.0300153 0.0199278
0 0.24789 0.522634 0.0501778 0.0191767
0 0.109157 0.154356 0.0281908 0.0162433
0 0.117641 0.455029 0.0111512 0.0448357
0 0.173167 0.118438 0.0168651 0.0101019
1 0.616434 0.416996 0.197813 0.0548082
